image_width: 1224
image_height: 1024 
camera_position: [0,0]
camera_direction: left
camera_matrix:
  rows: 3
  cols: 3
  data: [1529.626418, 0.000000, 620.094767,
         0.000000, 1532.570401, 506.651729,
         0.000000, 0.000000, 1.000000]
distortion_model: plumb_bob
distortion_coefficients:
  rows: 1
  cols: 5
  data: [-0.330552, 0.093349, 0.008978, 0.004701, 0.000000]
rectification_matrix:
  rows: 3
  cols: 3
  data: [1., 0., 0.,
         0., 1., 0.,
         0., 0., 1.]
projection_matrix:
  rows: 3
  cols: 4
  data: [1483.526367,   0.     , 599.272518,   0.     ,
           0.     , 1518.624390, 499.551701,   0.     ,
           0.     ,   0.     ,   1.     ,   0.     ]