image_width: 1224
image_height: 1024 
camera_position: [0,0]
camera_direction: left
camera_matrix:
  rows: 3
  cols: 3
  data: [829.86443,   0.     , 642.95328,
           0.     , 831.30445, 508.10294,
           0.     ,   0.     ,   1.     ]
camera_model: plumb_bob
distortion_coefficients:
  rows: 1
  cols: 5
  data: [-0.342163, 0.098019, 0.002330, 0.002589, 0.000000]
rectification_matrix:
  rows: 3
  cols: 3
  data: [1., 0., 0.,
         0., 1., 0.,
         0., 0., 1.]
projection_matrix:
  rows: 3
  cols: 4
  data: [578.15936,   0.     , 650.43569,   0.     ,
           0.     , 583.19006, 513.80364,   0.     ,
           0.     ,   0.     ,   1.     ,   0.     ]


