image_width: 1224
image_height: 1024 
camera_position: [0,0]
camera_direction: right
camera_matrix:
  rows: 3
  cols: 3
  data: [856.6714 ,   0.     , 640.21578,
           0.     , 856.85339, 511.51329,
           0.     ,   0.     ,   1.     ]
camera_model: plumb_bob
distortion_coefficients:
  rows: 1
  cols: 5
  data: [-0.351807, 0.104889, -0.000370, 0.000471, 0.000000]
rectification_matrix:
  rows: 3
  cols: 3
  data: [1., 0., 0.,
         0., 1., 0.,
         0., 0., 1.]
projection_matrix:
  rows: 3
  cols: 4
  data: [604.04419,   0.     , 640.08425,   0.     ,
           0.     , 604.35602, 510.01231,   0.     ,
           0.     ,   0.     ,   1.     ,   0.     ]
